1.2845690250396729
0.8353767395019531
0.8162631988525391
0.84134840965271
0.8164863586425781
0.8259379863739014
0.8458132743835449
0.8136019706726074
0.8391983509063721
0.8191523551940918
0.824012041091919
0.8369269371032715
0.8484225273132324
0.8238048553466797
0.8430171012878418
0.8556454181671143
0.8199813365936279
0.83626389503479
0.830998420715332
0.8186380863189697
0.809316873550415
0.8003275394439697
0.8348901271820068
0.8165621757507324
0.8588345050811768
0.8628578186035156
0.8612568378448486
0.8372950553894043
0.8529171943664551
0.8528645038604736
0.824610710144043
0.844245195388794
0.8474667072296143
0.8994102478027344
0.9527463912963867
0.9989888668060303
1.0307879447937012
0.8641560077667236
0.8234260082244873
0.8700387477874756
0.8388776779174805
0.8469991683959961
0.8433599472045898
0.8498640060424805
0.8567113876342773
0.8592429161071777
0.831798791885376
0.8321287631988525
0.8518846035003662
0.8111269474029541
0.8700711727142334
0.8504593372344971
0.8784070014953613
0.8594684600830078
0.882392406463623
0.8788182735443115
0.8887073993682861
0.8628339767456055
0.8459467887878418
0.8591396808624268
0.8584640026092529
0.8909623622894287
0.8797481060028076
0.9007384777069092
0.8945112228393555
0.8489818572998047
0.8501436710357666
0.8273561000823975
0.8722600936889648
0.8330686092376709
0.8718559741973877
0.8490533828735352
0.8602809906005859
0.8481955528259277
0.8676853179931641
0.8630547523498535
0.8466801643371582
0.8433883190155029
0.8343765735626221
0.8619072437286377
0.8521170616149902
0.8617677688598633
0.8405516147613525
0.8745176792144775
0.8465008735656738
0.8663146495819092
0.8623883724212646
0.8452856540679932
0.8649489879608154
0.832648515701294
0.8477354049682617
0.8674788475036621
0.8788566589355469
0.8644628524780273
0.8473396301269531
0.8783664703369141
0.8723933696746826
0.878570556640625
0.8857250213623047
0.8574280738830566
0.8638427257537842
0.8571860790252686
0.9505078792572021
1.0666782855987549
0.9694435596466064
0.9838783740997314
0.8951160907745361
0.8402054309844971
0.8512325286865234
0.880488395690918
0.8770654201507568
0.8559136390686035
0.8615434169769287
0.8722856044769287
0.8669397830963135
0.8711867332458496
0.8682022094726562
0.9223730564117432
0.9250965118408203
0.9028148651123047
0.8836045265197754
0.8579747676849365
0.8641209602355957
0.83624267578125
0.856550931930542
0.8642997741699219
0.8536205291748047
0.8841719627380371
0.9020445346832275
0.8846981525421143
0.8816995620727539
0.8734309673309326
0.857043981552124
0.8682200908660889
0.8632922172546387
0.8611845970153809
0.8650088310241699
0.8645195960998535
0.8385016918182373
0.8711502552032471
0.8697149753570557
0.838240385055542
0.8360211849212646
0.8903744220733643
0.891179084777832
0.8582346439361572
0.8585944175720215
0.8426573276519775
0.8655257225036621
0.8313634395599365
0.8527877330780029
0.8373205661773682
0.8295633792877197
0.8209996223449707
0.8552312850952148
0.8351762294769287
0.8466565608978271
0.8649027347564697
0.8874738216400146
0.8609516620635986
0.8677146434783936
0.8588721752166748
0.8723545074462891
0.8669722080230713
0.8861303329467773
0.8581459522247314
0.8543732166290283
0.8478941917419434
0.855518102645874
0.8693821430206299
0.8707470893859863
0.9029355049133301
0.9491996765136719
0.9661145210266113
0.9686481952667236
0.8712494373321533
0.854835033416748
0.8347210884094238
0.8698313236236572
0.8725624084472656
0.8690617084503174
0.8793268203735352
0.8674972057342529
0.8660926818847656
0.8601765632629395
0.8549761772155762
0.8333847522735596
0.8621783256530762
0.8663394451141357
0.8780667781829834
0.8745560646057129
0.8381016254425049
0.8843896389007568
0.8726723194122314
0.8680715560913086
0.8147451877593994
0.8335888385772705
0.8246784210205078
0.8564584255218506
0.8554117679595947
0.8387820720672607
0.851940393447876
0.8856182098388672
0.9310472011566162
0.8881511688232422
0.815507173538208
0.8448457717895508
0.8737587928771973
0.8291881084442139
0.8316226005554199
0.8703224658966064
0.8737001419067383
0.9449963569641113
0.841299295425415
0.824225664138794
0.8329076766967773
0.8399908542633057
0.8506946563720703
0.8612678050994873
0.829674482345581
0.8792715072631836
0.8424103260040283
0.8950364589691162
0.8347747325897217
0.844780445098877
0.8393642902374268
0.8627023696899414
0.86916184425354
0.9275727272033691
0.9142041206359863
0.8648066520690918
0.8240208625793457
0.8315341472625732
0.8553273677825928
0.8526613712310791
0.8363144397735596
0.8406600952148438
0.8780624866485596
0.857241153717041
0.8602855205535889
0.8428270816802979
0.8527002334594727
0.9957332611083984
1.019733190536499
0.9724447727203369
0.8369653224945068
0.8647236824035645
0.8683218955993652
0.8951585292816162
0.8768386840820312
0.896235466003418
0.8661713600158691
0.8852555751800537
0.8683619499206543
0.8642003536224365
0.8800923824310303
0.9307334423065186
0.9033551216125488
0.8904199600219727
0.8922955989837646
0.8737506866455078
0.9158163070678711
0.9697256088256836
0.8758151531219482
0.9209442138671875
0.9006164073944092
0.8702225685119629
0.8437776565551758
0.879436731338501
0.9162709712982178
0.8552713394165039
0.8418896198272705
0.8703629970550537
0.8993158340454102
0.8775193691253662
0.8494429588317871
0.8659079074859619
0.845360517501831
0.88637375831604
0.8724586963653564
0.8970065116882324
0.8269140720367432
0.8769912719726562
0.8469669818878174
0.8735949993133545
0.8451871871948242
0.8590683937072754
0.8935456275939941
0.853055477142334
0.8387925624847412
0.895972490310669
0.8583974838256836
0.8652832508087158
0.8759300708770752
0.8285927772521973
0.8743424415588379
0.8802926540374756
0.8591105937957764
0.8617336750030518
0.8597657680511475
0.8549742698669434
0.860835075378418
0.8514955043792725
0.880497932434082
0.8598880767822266
0.8795866966247559
0.8567550182342529
0.8628334999084473
0.8385295867919922
0.8590538501739502
0.9340548515319824
1.0270450115203857
0.9938170909881592
0.8769879341125488
0.8654232025146484
0.8512828350067139
0.8821389675140381
0.8658113479614258
0.8577280044555664
0.8258087635040283
0.8506350517272949
0.8515913486480713
0.881244421005249
0.8790755271911621
0.821403980255127
0.8539109230041504
0.8625967502593994
0.8678152561187744
0.8805103302001953
0.8831615447998047
0.8568410873413086
0.8585896492004395
0.8635966777801514
0.8991131782531738
0.8641037940979004
0.8544907569885254
0.8341670036315918
0.8677411079406738
0.8622663021087646
0.9173405170440674
0.8524832725524902
0.8397438526153564
0.9072980880737305
0.855919361114502
0.8501288890838623
0.8708815574645996
0.8772666454315186
0.8592028617858887
0.8801047801971436
0.9132988452911377
0.8242912292480469
0.8648116588592529
0.8536462783813477
0.8543393611907959
0.843940258026123
0.8321733474731445
0.85945725440979
0.8121757507324219
0.8718380928039551
0.8424625396728516
0.8611085414886475
0.8662109375
0.8679864406585693
0.8473639488220215
0.8787558078765869
0.8405787944793701
0.8677566051483154
0.851539134979248
0.8461301326751709
0.8358182907104492
0.874891996383667
0.9046220779418945
0.9559977054595947
0.914097785949707
0.9105665683746338
0.8589527606964111
0.8807363510131836
0.8664178848266602
0.9394259452819824
0.9798877239227295
1.0357964038848877
0.9538447856903076
0.8384914398193359
0.8712506294250488
0.8633592128753662
0.8910133838653564
0.8500790596008301
0.8646564483642578
0.8723151683807373
0.8848762512207031
0.8782343864440918
0.8685612678527832
0.8914377689361572
0.8651835918426514
0.902632474899292
0.8813209533691406
0.8699777126312256
0.882225513458252
0.8706345558166504
0.8833413124084473
0.8627419471740723
0.8660461902618408
0.8534975051879883
0.8674511909484863
0.8646085262298584
0.878993034362793
0.8701627254486084
0.8525865077972412
0.8645951747894287
0.8498208522796631
0.845062255859375
0.838554859161377
0.8550546169281006
0.8417723178863525
0.8603360652923584
0.8513815402984619
0.8395953178405762
0.854262113571167
0.8517506122589111
0.8573615550994873
0.8447835445404053
0.8561587333679199
0.8541889190673828
0.8472390174865723
0.8510942459106445
0.8860259056091309
0.8595044612884521
0.8559551239013672
0.8607070446014404
0.8527119159698486
0.8597381114959717
0.8555266857147217
0.8838951587677002
0.849290132522583
0.8359777927398682
0.8474531173706055
0.8562731742858887
0.8587675094604492
0.8670346736907959
0.8463797569274902
0.8685719966888428
0.8876535892486572
0.9234030246734619
0.8283631801605225
0.8416180610656738
0.8573367595672607
0.8664181232452393
0.842430591583252
0.9390058517456055
1.030207872390747
0.9452121257781982
0.8527915477752686
0.8691372871398926
0.8687441349029541
0.9104940891265869
0.8661446571350098
0.8796696662902832
0.8871257305145264
0.9028851985931396
0.8673274517059326
0.8829994201660156
0.8413493633270264
0.8887062072753906
0.8374745845794678
0.8451783657073975
0.8544607162475586
0.8524966239929199
0.8848350048065186
0.8695714473724365
0.8739664554595947
0.8923263549804688
0.8251283168792725
0.8391468524932861
0.8528249263763428
0.8800699710845947
0.8493931293487549
0.850001335144043
0.8458983898162842
0.8526215553283691
0.852292537689209
0.8456025123596191
0.8434853553771973
0.8264212608337402
0.8388698101043701
0.8516314029693604
0.8720650672912598
0.8503658771514893
0.8483026027679443
0.8485236167907715
0.8430674076080322
0.8586561679840088
0.8481361865997314
0.864849328994751
0.8480007648468018
0.8466901779174805
0.8576970100402832
0.8363618850708008
0.8615982532501221
0.8478636741638184
0.8862862586975098
0.8508200645446777
0.8531017303466797
0.8686912059783936
0.8529512882232666
0.8601589202880859
0.8604090213775635
0.8412284851074219
0.8494329452514648
0.873481273651123
0.8903622627258301
0.907670259475708
0.8469972610473633
0.8507275581359863
0.8879098892211914
0.8256280422210693
0.851818323135376
0.8418271541595459
0.8998148441314697
0.9244635105133057
1.0342886447906494
0.8386507034301758
0.8606133460998535
0.8188297748565674
0.8109543323516846
0.8024260997772217
0.8074467182159424
0.840961217880249
0.827171802520752
0.8405308723449707
0.8269774913787842
0.8332517147064209
0.8186814785003662
0.8486526012420654
0.8406658172607422
0.8241393566131592
0.8229172229766846
0.8167881965637207
0.8060593605041504
0.8318634033203125
0.8378400802612305
0.9023838043212891
0.8465898036956787
0.8174233436584473
0.844207763671875
0.8815267086029053
0.8859565258026123
0.8689756393432617
0.8243987560272217
0.8347415924072266
0.8281745910644531
0.8330192565917969
0.8499600887298584
0.8499705791473389
0.8453676700592041
0.8267755508422852
0.8576798439025879
0.8317890167236328
0.8266615867614746
0.8518064022064209
0.8451292514801025
0.8301208019256592
0.8251371383666992
0.8481183052062988
0.8630564212799072
0.8341984748840332
0.8346519470214844
0.8260250091552734
0.8308069705963135
0.8668546676635742
0.8403201103210449
0.8384003639221191
0.8163676261901855
0.8288733959197998
0.8158960342407227
0.850632905960083
0.8585801124572754
0.836646556854248
0.8417890071868896
0.8478183746337891
0.8430860042572021
0.8633155822753906
0.8749594688415527
0.8528079986572266
0.8467516899108887
0.8281290531158447
0.8581714630126953
0.8409724235534668
0.8905544281005859
0.9254622459411621
1.0625288486480713
0.9917330741882324
0.8629770278930664
0.8421189785003662
0.8671061992645264
0.8535869121551514
0.8403465747833252
0.8430538177490234
0.8769228458404541
0.8652675151824951
0.8769330978393555
0.9334886074066162
0.8649256229400635
0.8503115177154541
0.8780848979949951
0.8937077522277832
0.8569622039794922
0.8510184288024902
0.8838162422180176
0.9110679626464844
0.9015042781829834
0.8548288345336914
0.8639998435974121
0.8680729866027832
0.8618001937866211
0.8439600467681885
0.8592679500579834
0.8443617820739746
0.8501951694488525
0.8493359088897705
0.8593907356262207
0.8301012516021729
0.8649237155914307
0.8644015789031982
0.8261170387268066
0.8444051742553711
0.8415296077728271
0.8688654899597168
0.8417770862579346
0.8196420669555664
0.8393521308898926
0.834343433380127
0.859123706817627
0.8439412117004395
0.839557409286499
0.8444156646728516
0.8637230396270752
0.8507208824157715
0.8449277877807617
0.8358118534088135
0.8120520114898682
0.855534553527832
0.8503966331481934
0.8498055934906006
0.8492894172668457
0.822230339050293
0.8748178482055664
0.8619766235351562
0.8529047966003418
0.8585031032562256
0.8733401298522949
0.8460710048675537
0.8326976299285889
0.8548073768615723
0.8421041965484619
0.8429911136627197
0.8376624584197998
0.8381197452545166
0.957420825958252
0.9318802356719971
0.9670140743255615
0.9377074241638184
0.8548712730407715
0.8521943092346191
0.8405382633209229
0.847665548324585
0.8417344093322754
0.8433830738067627
0.8322408199310303
0.8621044158935547
0.8314542770385742
0.8537642955780029
0.9496264457702637
0.855069637298584
0.835341215133667
0.845672607421875
0.8669726848602295
0.8551878929138184
0.8436605930328369
0.8517270088195801
0.8370559215545654
0.9274353981018066
0.8197767734527588
0.8959314823150635
0.8903124332427979
0.870333194732666
0.8521826267242432
0.869746208190918
0.8512487411499023
0.8516800403594971
0.8503391742706299
0.8595070838928223
0.8655529022216797
0.8687386512756348
0.8440098762512207
0.8536996841430664
0.8611745834350586
0.841083288192749
0.8551034927368164
0.8507578372955322
0.8376367092132568
0.8356108665466309
0.8473291397094727
0.8340535163879395
0.8269031047821045
0.8372347354888916
0.8551478385925293
0.8334453105926514
0.8704283237457275
0.8521740436553955
0.8504979610443115
0.8981058597564697
0.8413126468658447
0.8288717269897461
0.8424680233001709
1.06870698928833
0.8765377998352051
0.8196620941162109
0.8442556858062744
0.8568005561828613
0.872051477432251
0.8978016376495361
0.8657402992248535
0.8951015472412109
0.8419933319091797
0.8546819686889648
0.8876464366912842
0.9159054756164551
0.9503295421600342
0.992950439453125
1.0023767948150635
0.8435230255126953
0.884516716003418
0.8854899406433105
0.8520362377166748
0.8706293106079102
0.8385541439056396
0.8206026554107666
0.828071117401123
0.8534314632415771
0.8611748218536377
0.8582108020782471
0.824517011642456
0.8617582321166992
0.8184278011322021
0.8599362373352051
0.868297815322876
0.8032116889953613
0.8005166053771973
0.8604531288146973
0.8201019763946533
0.8641786575317383
0.8576109409332275
0.8264544010162354
0.8440637588500977
0.8292388916015625
0.8799595832824707
0.8459594249725342
0.8473844528198242
0.8611629009246826
0.8486576080322266
0.8546371459960938
0.8476135730743408
0.8446648120880127
0.8557066917419434
0.8525779247283936
0.8607099056243896
0.8432531356811523
0.8394362926483154
0.8387110233306885
0.858586311340332
0.8450064659118652
0.898155927658081
0.8491227626800537
0.8630778789520264
0.8636486530303955
0.8995130062103271
0.8620293140411377
0.8575832843780518
0.8628246784210205
0.842479944229126
0.8531908988952637
0.8268232345581055
0.8691048622131348
0.8710806369781494
0.8991525173187256
0.8700408935546875
0.8530533313751221
0.8508048057556152
0.8457434177398682
0.870140790939331
0.8868978023529053
0.8949017524719238
0.8614234924316406
0.8736414909362793
0.8580012321472168
0.8758735656738281
0.9008285999298096
0.9668562412261963
1.059800386428833
0.9787030220031738
0.8404369354248047
0.8392627239227295
0.8652925491333008
0.847287654876709
0.8775050640106201
0.8557932376861572
0.905646562576294
0.8193309307098389
0.8326785564422607
0.8558788299560547
0.8730189800262451
0.8188421726226807
0.9602599143981934
0.8483521938323975
0.8655710220336914
0.8439171314239502
0.846933126449585
0.851311445236206
0.8822891712188721
0.8058581352233887
0.8561873435974121
0.8297033309936523
0.8460793495178223
0.8307182788848877
0.8880026340484619
0.8370316028594971
0.8362860679626465
0.8448941707611084
0.8602769374847412
0.8749988079071045
0.8365263938903809
0.8510289192199707
0.8289504051208496
0.8508551120758057
0.8561935424804688
0.8358840942382812
0.8357274532318115
0.8565590381622314
0.8466536998748779
0.8094265460968018
0.831756591796875
0.8731613159179688
0.8193743228912354
0.8288629055023193
0.879277229309082
0.8405900001525879
0.9370193481445312
0.8656210899353027
0.8774616718292236
0.8371312618255615
0.8266303539276123
0.9027645587921143
0.9203863143920898
0.8519575595855713
0.8747999668121338
0.8552196025848389
0.8287312984466553
0.8418490886688232
0.9200789928436279
0.8746051788330078
0.846832275390625
0.8265225887298584
0.8317322731018066
0.8920712471008301
0.898590087890625
0.832960844039917
0.9137554168701172
0.9559597969055176
1.0351109504699707
0.9636800289154053
0.8386921882629395
0.8451676368713379
0.8521132469177246
0.8376898765563965
0.833425760269165
0.88934326171875
0.8728306293487549
0.8875815868377686
0.8726661205291748
0.8297760486602783
0.8463757038116455
0.8587024211883545
0.8562860488891602
0.8335771560668945
0.8244118690490723
0.8599114418029785
0.8451378345489502
0.8873672485351562
0.813770055770874
0.8732337951660156
0.8956611156463623
0.8487441539764404
0.8620772361755371
0.8155338764190674
0.841397762298584
0.8612987995147705
0.845954179763794
0.8381073474884033
0.8707296848297119
0.8350653648376465
0.826585054397583
0.8416426181793213
0.8450777530670166
0.8540496826171875
0.8651564121246338
0.8447017669677734
0.8454945087432861
0.8363142013549805
0.8408548831939697
0.8217668533325195
0.8549497127532959
0.8604440689086914
0.8164315223693848
0.9000933170318604
0.852618932723999
0.8236615657806396
0.8315038681030273
0.8353590965270996
0.8473415374755859
0.8665294647216797
0.8670601844787598
0.891390323638916
0.9145097732543945
0.8591821193695068
0.887840747833252
0.8731541633605957
0.8580601215362549
0.869227409362793
0.8406229019165039
0.835627555847168
0.8158409595489502
0.8486509323120117
0.8299598693847656
0.8500978946685791
0.8362758159637451
0.8375771045684814
0.8489389419555664
0.9544422626495361
1.0392265319824219
0.795680046081543
0.8087520599365234
0.8271641731262207
0.8161396980285645
0.8313560485839844
0.8342292308807373
0.8342373371124268
0.8258621692657471
0.8236532211303711
0.8466594219207764
0.8197853565216064
0.8171391487121582
0.837193489074707
0.8352930545806885
0.8366827964782715
0.8377063274383545
0.8265328407287598
0.8329546451568604
0.8453629016876221
0.8622536659240723
0.8354730606079102
0.8258566856384277
0.8393199443817139
0.8407649993896484
0.8875665664672852
0.829430103302002
0.850426197052002
0.8881824016571045
0.8741114139556885
0.8487651348114014
0.8395347595214844
0.8535161018371582
0.8501176834106445
0.8644912242889404
0.8340699672698975
0.839792013168335
0.8336920738220215
0.8165445327758789
0.8717412948608398
0.8428018093109131
0.8457965850830078
0.8804666996002197
0.8779828548431396
0.8909196853637695
0.9303390979766846
0.8572909832000732
0.8298585414886475
0.8417155742645264
0.8629348278045654
0.8514213562011719
0.857858419418335
0.8724944591522217
0.8895800113677979
0.845585823059082
0.835730791091919
0.8853003978729248
0.8158118724822998
0.8609616756439209
0.8337938785552979
0.8916046619415283
0.8231258392333984
